0 - 1x1x1
0.000 4.000 1
0.278 4.223 1
0.556 4.445 1
0.833 4.667 1
1.111 4.889 1
1.389 5.111 1
1.667 5.333 1
1.944 5.444 1
2.222 5.500 1
2.389 5.500 1
2.500 5.500 1

1 - 1x1x1
5.000 7.000 1
5.278 6.917 1
5.556 6.833 1
5.833 6.750 1
6.111 6.667 1
6.389 6.583 1
6.667 6.500 1
6.944 6.417 1
7.222 6.333 1
7.389 6.417 1
7.500 6.500 1

2 - 1x1x1
10.000 4.000 1
9.972 3.667 1
9.944 3.333 1
9.917 3.000 1
9.889 2.667 1
9.861 2.333 1
9.833 2.000 1
9.805 1.667 1
9.778 1.333 1
9.750 0.667 1
9.500 0.000 1

3 - 1x1x1
9.000 -2.000 1
8.667 -2.500 1
8.333 -3.000 1
8.000 -3.500 1
7.667 -4.000 1
7.333 -4.500 1
7.000 -5.000 1
6.667 -5.250 1
6.333 -5.500 1
6.167 -5.750 1
6.000 -5.000 1

4 - 1x1x1
5.000 -6.000 1
4.667 -6.500 1
4.333 -7.000 1
4.000 -7.500 1
3.667 -7.750 1
3.333 -8.000 1
3.000 -8.000 1
2.667 -7.900 1
2.333 -7.800 1
2.000 -7.800 1
2.500 -8.000 1

5 - 1x1x1
0.000 -10.000 1
-0.278 -9.722 1
-0.556 -9.444 1
-0.833 -9.167 1
-1.111 -8.889 1
-1.389 -8.611 1
-1.667 -8.333 1
-1.944 -8.055 1
-2.222 -7.778 1
-2.389 -7.611 1
-2.500 -8.000 1

6 - 1x1x1
-5.000 7.000 1
-4.667 6.625 1
-4.333 6.250 1
-4.000 5.875 1
-3.667 5.500 1
-3.333 5.250 1
-3.000 5.000 1
-2.667 5.250 1
-2.333 5.500 1
-2.000 5.500 1
-2.500 5.500 1

7 - 1x1x1
-10.000 4.000 1
-9.583 4.292 1
-9.167 4.583 1
-8.750 4.875 1
-8.333 5.167 1
-7.917 5.458 1
-7.500 5.750 1
-7.083 5.750 1
-6.667 5.750 1
-6.250 5.625 1
-7.500 5.500 1

8 - 1x1x1
-9.000 -2.000 1
-9.083 -1.600 1
-9.167 -1.200 1
-9.250 -0.800 1
-9.333 -0.400 1
-9.292 0.000 1
-9.250 0.400 1
-9.292 0.800 1
-9.333 1.200 1
-9.417 1.600 1
-9.500 2.000 1

9 - 1x1x1
-5.000 -6.000 1
-5.625 -5.438 1
-6.250 -4.875 1
-6.875 -4.313 1
-7.375 -3.875 1
-7.500 -3.750 1
-7.500 -3.750 1
-7.500 -3.750 1
-7.500 -3.750 1
-7.500 -3.750 1
-7.500 -3.500 1

10 - 1x1x1
2.500 5.500 1
2.875 5.688 1
3.250 5.875 1
3.625 6.063 1
4.000 6.250 1
4.375 6.438 1
4.750 6.625 1
4.875 6.813 1
5.000 7.000 1
5.000 7.000 1
5.000 7.000 1

11 - 1x1x1
7.500 6.500 1
8.063 6.313 1
8.625 6.125 1
9.188 5.938 1
9.750 5.750 1
10.125 5.500 1
10.500 5.250 1
10.750 5.000 1
10.500 4.000 1
10.250 4.000 1
10.000 4.000 1

12 - 1x1x1
9.500 0.000 1
9.375 -0.400 1
9.250 -0.800 1
9.125 -1.200 1
9.000 -1.600 1
9.000 -1.800 1
9.000 -2.000 1
9.000 -2.000 1
9.000 -2.000 1
9.000 -2.000 1
9.000 -2.000 1

13 - 1x1x1
6.000 -5.000 1
5.563 -5.188 1
5.125 -5.375 1
4.688 -5.563 1
4.438 -5.687 1
4.250 -5.750 1
4.438 -5.687 1
4.625 -5.750 1
4.875 -5.875 1
5.000 -6.000 1
5.000 -6.000 1

14 - 1x1x1
2.500 -8.000 1
1.875 -8.625 1
1.250 -9.250 1
0.625 -9.625 1
0.000 -10.000 1
0.000 -10.000 1
0.000 -10.000 1
0.000 -10.000 1
0.000 -10.000 1
0.000 -10.000 1
0.000 -10.000 1

15 - 1x1x1
-2.500 -8.000 1
-3.125 -7.313 1
-3.750 -6.625 1
-4.375 -5.938 1
-5.000 -6.000 1
-5.000 -6.000 1
-5.000 -6.000 1
-5.000 -6.000 1
-5.000 -6.000 1
-5.000 -6.000 1
-5.000 -6.000 1

16 - 1x1x1
-2.500 5.500 1
-1.875 5.063 1
-1.250 4.625 1
-0.625 4.188 1
0.000 3.750 1
0.000 3.750 1
0.000 3.750 1
0.000 3.750 1
0.000 4.000 1
0.000 4.000 1
0.000 4.000 1

17 - 1x1x1
-7.500 5.500 1
-7.000 5.750 1
-6.500 6.000 1
-6.000 6.250 1
-5.500 6.500 1
-5.000 6.750 1
-5.000 7.000 1
-5.000 7.000 1
-5.000 7.000 1
-5.000 7.000 1
-5.000 7.000 1

18 - 1x1x1
-9.500 2.000 1
-9.625 2.375 1
-9.750 2.750 1
-9.875 3.125 1
-10.000 3.500 1
-10.000 3.750 1
-10.000 4.000 1
-10.000 4.000 1
-10.000 4.000 1
-10.000 4.000 1
-10.000 4.000 1

19 - 1x1x1
-7.500 -3.500 1
-7.917 -3.167 1
-8.333 -2.833 1
-8.750 -2.500 1
-9.167 -2.167 1
-9.500 -2.000 1
-9.000 -2.000 1
-9.000 -2.000 1
-9.000 -2.000 1
-9.000 -2.000 1
-9.000 -2.000 1
