[20]
0 - 3x4x5
0 10 0
0 30 0
0 30 20
0 10 20
1 - 3x4x5
50 38 1
2 4 42
17 20 36
18 22 22
2 - 3x4x5
19 49 39
2 14 44
33 20 28
19 17 49
3 - 3x4x5
23 17 7
1 37 12
50 43 1
42 32 50
4 - 3x4x5
30 0 35
29 31 30
38 36 3
46 16 39
5 - 3x4x5
0 10 0
0 30 0
0 30 20
0 10 20
6 - 3x4x5
37 7 44
25 34 10
40 12 17
21 16 44
7 - 3x4x5
47 29 47
40 30 0
50 47 32
21 29 39
8 - 3x4x5
9 23 37
4 16 30
24 40 12
18 15 28
9 - 3x4x5
42 34 42
23 2 29
9 42 24
29 9 45
10 - 3x4x5
0 10 0
0 30 0
0 30 20
0 10 20
11 - 3x4x5
26 13 3
46 14 33
45 42 16
30 21 16
12 - 3x4x5
11 27 22
0 38 2
26 0 13
17 40 48
13 - 3x4x5
40 10 31
28 49 8
14 49 42
41 49 20
14 - 3x4x5
22 16 22
13 49 13
34 50 40
41 6 4
15 - 3x4x5
0 10 0
0 30 0
0 30 20
0 10 20
16 - 3x4x5
3 32 21
15 16 40
16 3 8
11 36 41
17 - 3x4x5
14 41 0
18 36 49
44 10 32
33 7 45
18 - 3x4x5
5 29 33
32 36 33
20 26 6
8 49 37
19 - 3x4x5
36 4 34
26 5 40
22 48 24
34 27 29
