[20]
0 - 3x4x5
0 10 0
0 30 0
0 30 20
0 10 20
1 - 3x4x5
38 13 30
22 10 0
28 42 11
21 47 12
2 - 3x4x5
25 23 30
18 9 26
40 27 4
8 1 21
3 - 3x4x5
41 29 20
8 9 22
13 37 7
12 30 19
4 - 3x4x5
2 43 50
41 46 17
25 10 3
50 10 1
5 - 3x4x5
0 10 0
0 30 0
0 30 20
0 10 20
6 - 3x4x5
15 18 28
44 12 14
43 9 7
26 11 43
7 - 3x4x5
1 49 18
36 44 15
26 18 41
42 50 50
8 - 3x4x5
32 8 22
28 39 22
17 46 6
12 14 31
9 - 3x4x5
4 21 9
22 37 31
22 27 21
40 44 29
10 - 3x4x5
0 10 0
0 30 0
0 30 20
0 10 20
11 - 3x4x5
33 47 49
17 19 9
24 0 6
34 24 40
12 - 3x4x5
22 0 45
10 34 35
24 21 1
1 25 19
13 - 3x4x5
28 2 26
25 45 44
29 31 43
16 49 46
14 - 3x4x5
27 19 0
4 45 34
26 15 19
25 25 37
15 - 3x4x5
0 10 0
0 30 0
0 30 20
0 10 20
16 - 3x4x5
37 36 42
45 25 35
14 3 44
15 25 22
17 - 3x4x5
9 26 1
47 21 41
9 34 41
20 50 1
18 - 3x4x5
6 0 43
21 33 39
10 34 38
32 34 18
19 - 3x4x5
17 5 41
42 38 49
35 25 7
26 49 12
