[5]
    0 - 3x4x5
    8 5 5
    7 0 1
    7 0 4
    8 3 11
    10 1 10
    1 8 5
    9 9 1
    0 3 3
    10 4 1
    5 10 2
    5 13 2
    4 10 2
    7 9 4
    5 10 8
    1 - 2x3x4
    9 4 4
    3 4 2
    6 5 2
    1 5 15
    8 7 2
    4 1 2
    5 5 4
    6 8 10
    3 10 4
    8 7 3
    8 8 3
    8 2 3
    10 1 3
    2 - 3x4x5
    7 0 2
    4 9 4
    7 9 1
    0 5 5
    8 8 1
    4 8 1
    7 4 1
    4 0 5
    9 9 2
    1 9 5
    2 10 5
    1 10 3
    5 10 2
    3 7 5
    3 - 4x3x1
    2 8 2
    3 6 1
    6 2 2
    6 7 1
    0 5 6
    1 7 1
    9 7 2
    6 1 9
    9 5 1
    9 4 2
    4 - 1x4x6
    1 5 5
    7 0 5
    4 3 1
    3 3 1
    4 4 1
    10 8 3
    1 7 8
    9 0 4
    10 7 2
    4 2 4
