0
8 5 5  
7 0 1
7 0 4
8 3 1
8 1 1
1 8 0
9 9 1
0 3 3
10 4 1
5 10 2
1
9 4 4
3 4 2
6 5 2
1 5 5
8 7 2
4 1 2
5 5 4
6 8 0
3 10 4
8 7 3
2
7 0 2
4 9 4
7 9 1
0 5 5
8 8 1
4 8 1
7 4 1
4 0 5
9 9 2
1 10 5
3
2 8 2
3 6 0
6 2 0
6 7 1
0 5 0
1 7 1
9 7 2
6 1 0
9 5 1
9 4 2
4
1 5 5
7 0 5
4 3 1
3 3 1
4 4 1
10 8 3
1 7 0
9 0 4
10 7 2
4 2 4
5
1 0 0
3 8 5
6 9 2
8 7 5
0 4 4
6 6 4
8 4 0
2 1 3
4 2 4
6 5 4
6
6 1 4
2 6 0
6 6 0
0 9 3
8 3 0
1 2 5
7 6 1
2 5 0
1 1 3
5 2 5
7
10 8 0
5 7 5
1 10 5
8 3 1
8 5 5
8 1 1
4 6 1
5 8 1
6 7 0
8 1 4
8
1 7 1
8 2 1
10 9 5
4 4 2
7 1 1
10 6 2
3 9 1
2 3 2
3 5 3
8 3 3
9
3 4 2
6 9 1
3 4 2
6 0 4
8 2 1
1 3 1
3 0 5
10 1 4
1 1 2
6 8 3
