0 - 2x1x3
0 0 5
0 0 15
0 0 25
0 0 35
0 0 45
0 0 55
0 0 65
0 0 75
0 0 85
0 0 95
1 - 3x1x3
2 0 5
2 0 15
2 0 25
2 0 35
2 0 45
2 0 55
2 0 65
2 0 75
2 0 85
2 0 95
2 - 1x1x1
4 0 5
4 0 15
4 0 25
4 0 35
4 0 45
4 0 55
4 0 65
4 0 75
4 0 85
4 0 95
3 - 1x2x3
6 0 5
6 0 15
6 0 25
6 0 35
6 0 45
6 0 55
6 0 65
6 0 75
6 0 85
6 0 95
4 - 3x3x1
8 0 5
8 0 15
8 0 25
8 0 35
8 0 45
8 0 55
8 0 65
8 0 75
8 0 85
8 0 95
5 - 1x1x1
10 0 5
10 0 15
10 0 25
10 0 35
10 0 45
10 0 55
10 0 65
10 0 75
10 0 85
10 0 95
6 - 1x3x2
12 0 5
12 0 15
12 0 25
12 0 35
12 0 45
12 0 55
12 0 65
12 0 75
12 0 85
12 0 95
7 - 3x3x3
14 0 5
14 0 15
14 0 25
14 0 35
14 0 45
14 0 55
14 0 65
14 0 75
14 0 85
14 0 95
8 - 3x1x2
16 0 5
16 0 15
16 0 25
16 0 35
16 0 45
16 0 55
16 0 65
16 0 75
16 0 85
16 0 95
9 - 3x1x2
18 0 5
18 0 15
18 0 25
18 0 35
18 0 45
18 0 55
18 0 65
18 0 75
18 0 85
18 0 95
10 - 2x2x1
0 2 5
0 2 15
0 2 25
0 2 35
0 2 45
0 2 55
0 2 65
0 2 75
0 2 85
0 2 95
11 - 1x3x2
2 2 5
2 2 15
2 2 25
2 2 35
2 2 45
2 2 55
2 2 65
2 2 75
2 2 85
2 2 95
12 - 2x3x3
4 2 5
4 2 15
4 2 25
4 2 35
4 2 45
4 2 55
4 2 65
4 2 75
4 2 85
4 2 95
13 - 3x1x1
6 2 5
6 2 15
6 2 25
6 2 35
6 2 45
6 2 55
6 2 65
6 2 75
6 2 85
6 2 95
14 - 1x2x2
8 2 5
8 2 15
8 2 25
8 2 35
8 2 45
8 2 55
8 2 65
8 2 75
8 2 85
8 2 95
15 - 3x2x1
10 2 5
10 2 15
10 2 25
10 2 35
10 2 45
10 2 55
10 2 65
10 2 75
10 2 85
10 2 95
16 - 2x1x3
12 2 5
12 2 15
12 2 25
12 2 35
12 2 45
12 2 55
12 2 65
12 2 75
12 2 85
12 2 95
17 - 3x2x3
14 2 5
14 2 15
14 2 25
14 2 35
14 2 45
14 2 55
14 2 65
14 2 75
14 2 85
14 2 95
18 - 3x1x1
16 2 5
16 2 15
16 2 25
16 2 35
16 2 45
16 2 55
16 2 65
16 2 75
16 2 85
16 2 95
19 - 1x1x2
18 2 5
18 2 15
18 2 25
18 2 35
18 2 45
18 2 55
18 2 65
18 2 75
18 2 85
18 2 95
20 - 3x3x1
0 4 5
0 4 15
0 4 25
0 4 35
0 4 45
0 4 55
0 4 65
0 4 75
0 4 85
0 4 95
21 - 1x1x1
2 4 5
2 4 15
2 4 25
2 4 35
2 4 45
2 4 55
2 4 65
2 4 75
2 4 85
2 4 95
22 - 1x3x1
4 4 5
4 4 15
4 4 25
4 4 35
4 4 45
4 4 55
4 4 65
4 4 75
4 4 85
4 4 95
23 - 3x2x2
6 4 5143
6 4 15
6 4 25
6 4 35
6 4 45
6 4 55
6 4 65
6 4 75
6 4 85
6 4 95
24 - 2x2x2
8 4 5
8 4 15
8 4 25
8 4 35
8 4 45
8 4 55
8 4 65
8 4 75
8 4 85
8 4 95
25 - 2x2x3
10 4 5
10 4 15
10 4 25
10 4 35
10 4 45
10 4 55
10 4 65
10 4 75
10 4 85
10 4 95
26 - 2x3x2
12 4 5
12 4 15
12 4 25
12 4 35
12 4 45
12 4 55
12 4 65
12 4 75
12 4 85
12 4 95
27 - 3x1x3
14 4 5
14 4 15
14 4 25
14 4 35
14 4 45
14 4 55
14 4 65
14 4 75
14 4 85
14 4 95
28 - 2x2x2
16 4 5
16 4 15
16 4 25
16 4 35
16 4 45
16 4 55
16 4 65
16 4 75
16 4 85
16 4 95
29 - 3x3x3
18 4 5
18 4 15
18 4 25
18 4 35
18 4 45
18 4 55
18 4 65
18 4 75
18 4 85
18 4 95
30 - 2x3x2
0 6 5
0 6 15
0 6 25
0 6 35
0 6 45
0 6 55
0 6 65
0 6 75
0 6 85
0 6 95
31 - 1x1x2
2 6 5
2 6 15
2 6 25
2 6 35
2 6 45
2 6 55
2 6 65
2 6 75
2 6 85
2 6 95
32 - 1x2x3
4 6 5
4 6 15
4 6 25
4 6 35
4 6 45
4 6 55
4 6 65
4 6 75
4 6 85
4 6 95
33 - 1x1x2
6 6 5
6 6 15
6 6 25
6 6 35
6 6 45
6 6 55
6 6 65
6 6 75
6 6 85
6 6 95
34 - 1x3x1
8 6 5
8 6 15
8 6 25
8 6 35
8 6 45
8 6 55
8 6 65
8 6 75
8 6 85
8 6 95
35 - 1x2x1
10 6 5
10 6 15
10 6 25
10 6 35
10 6 45
10 6 55
10 6 65
10 6 75
10 6 85
10 6 95
36 - 2x2x1
12 6 5
12 6 15
12 6 25
12 6 35
12 6 45
12 6 55
12 6 65
12 6 75
12 6 85
12 6 95
37 - 2x1x3
14 6 5
14 6 15
14 6 25
14 6 35
14 6 45
14 6 55
14 6 65
14 6 75
14 6 85
14 6 95
38 - 3x3x2
16 6 5
16 6 15
16 6 25
16 6 35
16 6 45
16 6 55
16 6 65
16 6 75
16 6 85
16 6 95
39 - 2x2x2
18 6 5
18 6 15
18 6 25
18 6 35
18 6 45
18 6 55
18 6 65
18 6 75
18 6 85
18 6 95
40 - 1x1x2
0 8 5
0 8 15
0 8 25
0 8 35
0 8 45
0 8 55
0 8 65
0 8 75
0 8 85
0 8 95
41 - 2x2x3
2 8 5
2 8 15
2 8 25
2 8 35
2 8 45
2 8 55
2 8 65
2 8 75
2 8 85
2 8 95
42 - 2x3x2
4 8 5
4 8 15
4 8 25
4 8 35
4 8 45
4 8 55
4 8 65
4 8 75
4 8 85
4 8 95
43 - 2x3x1
6 8 59
6 8 15
6 8 25
6 8 35
6 8 45
6 8 55
6 8 65
6 8 75
6 8 85
6 8 95
44 - 3x1x3
8 8 5
8 8 15
8 8 25
8 8 35
8 8 45
8 8 55
8 8 65
8 8 75
8 8 85
8 8 95
45 - 3x3x1
10 8 5
10 8 15
10 8 25
10 8 35
10 8 45
10 8 55
10 8 65
10 8 75
10 8 85
10 8 95
46 - 1x2x2
12 8 5
12 8 15
12 8 25
12 8 35
12 8 45
12 8 55
12 8 65
12 8 75
12 8 85
12 8 95
47 - 3x3x3
14 8 5
14 8 15
14 8 25
14 8 35
14 8 45
14 8 55
14 8 65
14 8 75
14 8 85
14 8 95
48 - 1x2x3
16 8 5
16 8 15
16 8 25
16 8 35
16 8 45
16 8 55
16 8 65
16 8 75
16 8 85
16 8 95
49 - 1x2x1
18 8 5
18 8 15
18 8 25
18 8 35
18 8 45
18 8 55
18 8 65
18 8 75
18 8 85
18 8 95
50 - 1x3x3
8 5 4
1 0 29
1 4 2
9 8 5
10 6 3
2 0 4
1 1 5
4 8 10
8 5 2
0 5 4
51 - 1x3x3
10 8 1
3 1 5
9 4 4
6 2 1
6 1 2
9 9 2
9 9 4
1 4 1
7 4 2
2 9 2
52 - 1x3x3
8 2 1
6 1 30
10 7 1
7 2 3
7 0 20
1 9 2
3 7 2
8 5 1
1 2 1
8 9 2
53 - 1x3x3
10 9 2
1 1 4
1 4 30
9 8 5
7 7 5
10 2 4
0 10 1
1 9 2
6 4 2
1 9 5
54 - 1x3x3
8 0 1
7 2 5
1 1 4
3 3 3
1 5 3
1 1 4
5 2 2
5 9 4
6 8 1
1 3 10
55 - 1x3x3
5 3 3
8 2 3
4 2 4
0 5 1
0 2 5
10 6 0
6 9 20
0 1 30
4 0 3
2 0 5
56 - 1x3x3
9 4 4
7 0 3
9 9 3
1 9 2
8 6 3
7 6 40
6 6 2
10 5 2
6 9 2
6 4 10
57 - 1x3x3
6 9 5
0 8 4
1 9 5
8 2 5
0 6 3
10 9 3
3 6 3
5 2 5
1 9 2
3 3 1
58 - 1x3x3
7 5 1
3 0 2
9 3 5
7 2 2
9 6 2
1 2 4
10 1 3
0 10 5
10 6 4
5 3 4
59 - 1x3x3
6 4 4
0 0 26
10 2 4
9 0 4
0 0 4
0 10 5
6 7 5
6 9 2
9 10 2
3 8 4
60 - 1x3x3
6 2 3
3 3 5
1 2 2
3 9 4
8 6 3
4 0 5
4 10 20
3 8 3
6 5 5
8 6 2
61 - 1x3x3
4 6 1
3 6 4
7 7 1
8 2 2
6 6 2
7 3 5
5 7 3
8 10 4
1 9 1
5 2 2
62 - 1x3x3
3 7 2
3 5 1
4 6 1
3 8 30
10 1 4
5 0 5
8 6 3
6 7 1
9 6 30
2 9 40
63 - 1x3x3
9 4 1
6 5 32
1 2 5
1 1 1
3 7 2
0 9 10
8 8 5
6 0 3
9 4 4
3 5 2
64 - 1x3x3
8 3 2
7 3 2
0 2 4
0 0 1
0 10 3
6 10 1
5 1 4
1 9 5
4 9 5
7 6 3
65 - 1x3x3
0 3 1
8 3 1
6 9 3
4 3 4
7 6 3
6 0 1
4 5 5
8 9 1
6 8 2
1 5 3
66 - 1x3x3
2 5 1
9 5 1
4 6 2
2 0 3
5 9 1
3 8 3
4 9 4
5 5 4
6 2 5
4 0 3
67 - 1x3x3
4 0 2
9 8 2
2 0 5
3 10 3
3 0 3
0 1 1
9 7 3
10 1 1
10 4 2
1 4 3
68 - 1x3x3
2 6 2
9 1 1
3 7 2
10 0 1
3 9 2
5 2 3
4 7 4
9 7 1
2 4 3
5 7 4
69 - 1x3x3
0 5 3
8 4 22
7 6 4
9 6 5
8 5 2
6 3 2
4 8 5
2 2 5
4 3 4
7 5 3
70 - 1x3x3
5 10 2
8 8 36
0 5 12
8 4 4
9 9 5
1 9 1
8 6 1
3 2 1
0 3 1
10 0 5
71 - 1x3x3
1 9 9
3 3 3
3 3 5
3 4 5
3 1 5
9 7 4
3 10 4
5 0 1
2 6 4
2 6 4
72 - 1x3x3
6 1 31
1 9 34
9 7 5
6 9 4
1 1 2
7 3 2
10 0 2
9 2 2
6 2 2
8 2 5
73 - 1x3x3
4 8 12
0 1 52
9 10 1
4 0 2
4 8 3
9 8 2
2 7 5
4 4 1
2 7 3
5 3 5
74 - 1x3x3
5 8 43
10 6 2
5 1 4
3 5 5
3 2 2
0 1 1
4 7 5
8 9 2
0 6 3
7 6 2
75 - 1x3x3
3 9 32
0 9 12
8 4 5
1 10 5
5 10 1
6 6 5
1 3 5
7 5 5
10 2 2
2 10 4
76 - 1x3x3
8 8 12
5 6 5
9 10 4
4 6 5
0 0 4
5 2 4
5 10 5
10 8 2
6 2 3
0 9 12
77 - 1x3x3
1 10 19
7 1 4
10 10 3
1 2 4
7 5 3
8 9 1
0 3 2
6 9 5
9 7 12
8 0 1
78 - 1x3x3
4 7 31
5 3 4
5 4 4
2 10 1
2 10 3
9 0 4
8 6 3
10 2 3
10 0 3
6 4 5
79 - 1x3x3
5 5 33
1 2 2
2 1 1
10 10 1
4 1 4
1 1 1
4 9 2
8 5 12
9 3 5
9 7 1
80 - 1x3x3
4 2 41
6 5 49
8 3 2
7 6 5
5 7 3
8 5 1
1 3 2
3 9 4
2 7 10
5 10 2
81 - 1x3x3
10 5 39
1 6 5
8 9 2
10 9 2
6 1 5
2 4 3
5 0 2
8 0 1
3 1 3
0 5 3
82 - 1x3x3
8 3 52
8 6 1
10 6 4
6 0 12
7 10 4
4 8 4
6 8 3
3 6 5
7 5 4
1 6 2
83 - 1x3x3
9 10 24
0 5 3
10 7 3
1 3 5
0 7 4
9 2 3
4 4 3
6 0 2
10 4 4
6 1 2
84 - 1x3x3
3 5 43
1 9 3
5 1 5
7 5 4
2 9 2
1 6 5
0 4 2
1 2 4
4 0 3
4 3 1
85 - 1x3x3
5 10 49
1 6 3
3 7 2
10 5 10
9 7 5
5 6 2
3 3 1
9 1 5
4 3 2
4 1 2
86 - 1x3x3
8 1 59
2 1 4
1 3 1
7 7 1
10 6 2
10 4 1
3 4 3
1 5 3
9 1 2
1 3 1
87 - 1x3x3
8 8 27
2 3 2
1 10 3
8 1 5
2 6 5
0 4 4
6 9 5
0 6 4
9 5 5
3 5 12
88 - 1x3x3
1 4 36
0 2 54
9 0 5
5 6 4
9 10 1
8 4 5
10 10 4
2 9 12
9 7 2
4 6 4
89 - 1x3x3
7 0 4
5 8 2
10 6 1
6 5 4
9 8 4
8 6 1
7 4 5
0 8 2
9 7 2
0 9 4
90 - 1x3x3
4 9 15
8 4 72
6 1 3
1 2 2
10 5 5
7 3 3
9 0 2
10 10 1
7 3 3
4 2 4
91 - 1x3x3
7 4 43
2 4 4
0 6 3
10 0 3
10 7 3
6 9 2
4 5 5
8 0 2
1 3 1
4 3 1
92 - 1x3x3
3 6 15
9 6 4
5 8 5
0 5 5
10 5 1
4 10 2
3 3 5
9 2 5
9 2 4
0 1 4
93 - 1x3x3
5 6 26
8 7 31
7 6 2
0 1 3
8 4 34
4 0 1
0 7 2
6 0 5
6 4 2
7 4 1
94 - 1x3x3
9 9 17
5 9 2
0 8 2
4 3 5
7 1 12
0 6 4
1 6 5
4 10 2
7 4 14
8 8 5
95 - 1x3x3
10 10 93
3 2 2
10 0 5
2 6 5
2 1 21
8 6 43
1 8 2
0 3 32
1 3 1
9 0 43
96 - 1x3x3
10 3 23
1 7 59
7 9 3
0 10 2
9 3 4
0 10 4
0 2 5
7 3 4
9 4 3
5 10 4
97 - 1x3x3
6 7 26
4 8 10
10 5 5
1 7 3
7 7 2
7 7 4
2 1 4
10 5 4
1 9 4
5 0 4
98 - 1x3x3
3 3 30
8 6 2
3 9 3
4 1 1
8 7 5
0 2 2
10 10 2
1 3 4
9 10 4
9 3 2
99 - 1x3x3
8 9 58
2 3 1
10 10 2
10 0 1
0 1 2
4 7 3
5 5 4
9 8 2
10 3 4
1 6 30