0 - 1x2x3
2 9 1
10 3 3
2 0 4
9 9 2
3 9 0
8 9 5
8 3 2
4 1 4
5 1 3
7 4 4
1 - 1x4x3
10 3 2
9 10 3
2 6 3
4 7 1
3 3 5
5 3 4
8 7 2
6 7 4
4 0 5
1 0 3
2 - 3x5x1
3 5 3
0 6 0
1 1 5
4 1 2
4 3 4
9 9 5
8 3 5
7 1 2
2 1 1
9 0 1
3 - 1x2x4
3 8 1
6 7 5
8 4 3
7 5 1
3 8 5
6 3 2
0 4 3
7 8 4
3 10 1
2 4 0
4 - 2x4x1
6 2 0
8 3 4
9 5 5
4 8 3
1 7 5
7 1 4
7 1 3
10 1 2
1 8 5
9 2 4
5 - 3x1x4
3 0 3
7 10 3
0 8 5
1 3 2
3 3 2
6 2 2
2 0 4
4 5 5
8 7 3
3 9 3
6 - 1x3x1
10 9 4
5 8 0
8 8 4
6 10 5
9 4 1
5 8 4
9 4 1
1 5 2
10 4 2
8 1 2
7 - 2x5x4
6 9 1
4 5 4
1 0 4
4 1 2
9 2 0
9 8 0
9 6 1
2 9 2
0 6 1
10 9 2
8 - 3x2x1
2 10 5
0 3 4
8 9 4
7 8 5
3 7 1
7 1 0
10 8 5
5 6 1
8 9 3
1 2 1
9 - 1x4x4
6 5 3
7 3 5
1 1 0
8 10 1
0 8 1
1 2 4
4 10 4
1 6 5
8 3 0
4 9 3
10 - 2x1x1
5 8 5
1 5 0
9 7 1
8 8 5
10 8 0
9 2 2
3 9 2
6 2 5
2 8 4
0 9 0
11 - 3x3x4
7 9 5
3 8 4
10 4 4
5 9 3
5 8 5
9 7 3
0 5 5
8 4 5
7 9 4
10 10 4
12 - 1x5x1
1 7 5
5 8 4
3 0 0
8 3 3
7 3 1
6 3 2
2 1 3
0 1 4
5 0 3
1 1 4
13 - 2x2x4
0 1 5
9 0 0
8 8 0
8 6 4
8 2 0
3 5 3
1 10 2
2 8 3
8 4 4
3 5 4
14 - 3x4x1
2 6 0
7 0 1
10 2 4
5 1 3
1 1 5
8 3 5
1 8 5
3 0 1
6 0 5
3 3 2
15 - 1x1x4
5 1 1
2 4 5
4 2 1
10 0 3
2 5 5
0 3 2
8 3 3
0 1 3
3 8 0
7 3 4
16 - 2x3x1
5 10 5
9 5 5
4 3 5
0 0 3
5 8 1
9 1 5
10 7 3
8 4 3
8 5 4
5 4 4
17 - 3x5x4
4 0 1
6 9 3
3 3 3
4 10 3
7 6 4
10 0 4
7 5 2
7 10 5
1 10 3
6 3 0
18 - 1x2x1
0 4 1
10 1 3
4 1 4
4 7 3
1 7 2
3 1 1
0 4 0
8 1 0
4 9 4
8 3 0
19 - 2x4x4
2 1 5
10 6 4
5 8 3
8 10 1
10 9 4
4 6 5
0 7 1
1 8 3
8 9 2
5 1 3
20 - 3x1x1
0 5 4
6 4 0
9 5 3
2 0 2
5 6 5
3 2 1
0 6 3
7 5 1
0 3 3
8 6 1
21 - 1x3x4
10 9 3
1 7 4
5 8 1
5 9 3
2 4 3
3 1 2
9 1 2
10 0 4
4 0 1
10 4 4
22 - 2x5x1
2 7 4
3 9 5
1 10 2
2 9 2
0 2 1
9 1 1
9 4 0
2 3 0
8 5 1
5 3 1
23 - 3x2x4
3 6 1
5 7 4
8 4 3
6 6 1
6 3 2
2 9 5
10 10 0
6 7 1
3 5 1
5 0 1
24 - 1x4x1
8 7 5
9 9 2
4 10 2
3 3 5
5 1 1
9 3 1
5 6 2
1 4 4
5 2 2
4 2 2
25 - 2x1x4
6 9 2
3 2 0
0 6 0
10 2 0
1 0 3
2 1 3
2 4 3
4 8 5
2 3 0
1 7 2
26 - 3x3x1
6 6 0
7 8 1
7 1 5
6 9 4
6 5 3
4 2 1
5 9 2
1 3 0
10 9 5
8 5 0
27 - 1x5x4
3 6 1
8 10 3
2 9 5
1 2 3
8 1 0
3 3 3
10 0 5
5 10 3
4 2 3
1 1 2
28 - 2x2x1
5 2 5
1 4 4
9 1 3
10 2 4
6 0 3
7 5 5
7 10 5
2 7 5
1 9 0
5 5 5
29 - 3x4x4
6 6 4
9 8 4
6 9 4
1 3 3
7 0 3
4 5 4
0 10 4
8 1 5
5 9 0
7 0 0
30 - 1x1x1
1 10 0
8 1 4
1 3 4
9 0 3
3 3 0
4 8 5
4 4 4
8 10 4
4 0 5
6 5 5
31 - 2x3x4
5 7 5
3 6 4
2 10 2
0 4 5
8 3 2
5 10 1
5 9 4
1 7 3
3 8 5
10 9 5
32 - 3x5x1
8 3 4
7 2 4
9 1 5
1 2 5
6 7 4
3 0 4
3 6 2
4 0 1
4 10 1
4 9 2
33 - 1x2x4
1 8 3
0 9 2
2 5 5
4 3 1
8 6 5
3 1 4
5 8 0
3 9 0
2 1 5
8 3 5
34 - 2x4x1
1 5 2
10 6 0
6 8 0
3 9 2
1 1 3
9 1 2
0 3 5
2 6 4
10 1 1
5 9 4
35 - 3x1x4
5 7 0
5 4 1
6 5 2
5 1 5
6 2 0
5 7 5
4 2 3
0 4 3
4 1 4
0 5 5
36 - 1x3x1
4 6 5
9 9 1
5 5 3
3 0 2
0 8 5
0 8 0
2 2 5
0 6 3
8 8 4
9 6 2
37 - 2x5x4
3 3 1
3 2 1
8 6 1
8 6 0
6 1 0
6 9 4
6 6 4
5 9 5
2 1 3
3 10 3
38 - 3x2x1
9 3 1
5 1 2
3 4 5
8 3 0
8 7 2
10 6 1
10 9 3
6 10 5
1 4 2
3 2 3
39 - 1x4x4
5 7 0
5 4 1
10 9 4
6 9 4
1 5 4
4 3 2
10 0 0
7 4 3
1 0 2
4 2 4
40 - 2x1x1
0 2 2
3 3 2
9 3 0
10 7 3
6 9 3
10 7 2
10 9 5
7 2 0
7 1 1
9 2 0
41 - 3x3x4
6 6 5
1 4 4
3 6 5
9 4 4
2 4 3
6 8 2
7 7 3
5 4 0
0 9 2
10 1 4
42 - 1x5x1
9 3 1
6 3 4
0 0 5
0 8 5
9 1 1
0 4 1
1 8 1
5 7 2
8 3 4
3 1 3
43 - 2x2x4
10 1 2
8 7 4
1 10 1
6 9 0
3 8 3
1 10 5
5 4 5
2 1 1
10 5 1
3 10 0
44 - 3x4x1
6 4 2
8 5 0
4 3 4
0 5 5
9 7 3
5 9 0
2 10 4
7 7 1
2 0 5
7 8 3
45 - 1x1x4
5 5 4
4 10 5
0 0 2
6 0 1
1 6 1
6 2 4
5 3 5
6 5 5
0 9 3
10 8 4
46 - 2x3x1
9 7 3
9 1 2
8 10 2
6 3 2
4 0 4
2 1 0
5 7 0
6 6 5
8 1 0
5 4 1
47 - 3x5x4
8 1 2
10 1 2
8 9 2
4 7 0
7 3 2
5 0 0
9 7 0
9 1 2
3 2 1
6 9 4
48 - 1x2x1
1 1 0
9 4 3
10 0 3
2 3 4
7 0 4
8 1 5
2 3 1
5 5 5
7 9 1
7 2 4
49 - 2x4x4
9 4 2
2 6 0
7 10 2
1 2 5
8 6 2
7 5 3
5 5 1
3 2 3
3 1 0
9 5 5