0 - 3x4x3
1 7 5
3 4 0
5 1 5
9 5 2
0 5 0
7 10 5
1 10 5
4 7 3
5 5 4
0 0 5
1 - 3x4x5
6 6 5
2 0 5
8 4 4
7 9 4
10 5 4
1 8 4
3 6 5
9 4 5
8 8 3
7 10 5
2 - 8x6x5
0 7 5
4 0 2
2 8 0
9 10 4
8 1 1
4 1 1
3 5 2
2 3 0
7 4 2
8 6 4
3 - 3x4x1
2 10 3
5 10 0
9 8 2
10 2 5
8 1 4
5 2 0
3 9 3
9 8 1
0 1 1
10 6 5
4 - 6x2x5
6 9 0
6 9 3
9 0 0
9 8 4
2 10 0
3 3 0
3 0 5
3 6 1
3 6 1
2 5 3
5 - 6x2x4
10 9 1
2 10 2
9 0 4
7 10 5
2 2 0
10 4 5
4 5 4
1 6 3
10 0 4
10 8 2
6 - - 6x3x5
8 5 1
6 0 4
1 4 3
8 4 5
0 10 0
1 3 3
5 10 0
10 6 1
7 10 4
2 7 0
7 - 2x2x5
9 4 4
4 9 2
1 4 4
7 0 3
6 9 4
5 4 5
5 5 3
4 1 4
10 3 1
4 6 4
8 - 14x2x5
2 6 5
3 2 5
7 10 5
3 10 3
8 1 2
9 10 5
0 9 5
0 9 1
4 6 1
8 8 5
9 - 4x6x5
3 2 1
7 7 1
10 7 1
2 3 2
9 6 1
4 5 3
6 0 3
5 0 1
3 6 5
7 9 4
10 - 4x2x5
1 5 0
5 8 0
4 4 2
1 2 4
8 10 5
7 9 3
0 8 3
6 7 0
1 10 0
3 1 0
11 - 8x6x5
5 5 4
7 4 4
4 3 3
0 2 2
4 4 3
1 1 0
4 7 3
8 10 5
5 8 2
1 7 4
12 - 7x6x5
10 0 1
7 9 3
10 6 4
9 7 1
9 4 2
0 7 3
3 6 1
6 6 5
5 3 3
9 7 4
13 - 8x2x5
0 1 2
10 9 2
8 9 1
10 7 5
10 1 3
4 3 0
9 0 0
6 0 4
5 3 5
4 4 3
14 - 8x8x5
10 6 2
7 9 0
7 9 4
9 4 1
0 2 5
5 10 0
5 1 2
1 7 3
5 4 4
1 7 1
15 - 4x6x5
0 3 2
9 9 2
1 10 2
9 4 4
0 4 1
7 1 0
0 2 1
3 1 3
0 4 3
8 3 4
16 - 8x9x5
9 1 5
3 9 4
10 3 4
2 0 0
1 4 1
2 2 5
3 4 3
6 6 1
4 9 0
3 3 5
17 - 3x6x5
0 4 0
8 8 2
6 9 5
6 8 5
0 5 3
1 4 1
7 9 1
3 7 4
5 10 3
4 10 5
18 - 2x6x5
7 2 4
5 3 2
1 8 4
8 5 0
6 0 2
10 2 1
3 6 0
7 1 2
7 7 5
2 6 5
19 - 8x3x2
2 7 1
7 9 5
5 6 0
6 10 2
10 10 3
7 1 3
6 2 5
10 10 2
1 6 1
3 0 5
