0 - 3x4x5
8 5 5
7 0 1
7 0 4
8 3 11
10 1 10
1 8 5
9 9 1
0 3 3
10 4 1
5 10 2
1 - 2x3x4
9 4 4
3 4 2
6 5 2
1 5 15
8 7 2
4 1 2
5 5 4
6 8 10
3 10 4
8 7 3
2 - 3x4x5
7 0 2
4 9 4
7 9 1
0 5 5
8 8 1
4 8 1
7 4 1
4 0 5
9 9 2
1 10 5
3 - 4x3x1
2 8 2
3 6 1
6 2 2
6 7 1
0 5 6
1 7 1
9 7 2
6 1 9
9 5 1
9 4 2
4 - 1x4x6
1 5 5
7 0 5
4 3 1
3 3 1
4 4 1
10 8 3
1 7 8
9 0 4
10 7 2
4 2 4
5 - 6x1x4
1 0 4
3 8 5
6 9 2
8 7 5
0 4 4
6 6 4
8 4 2
2 1 3
4 2 4
6 5 4
6 - 5x7x5
6 1 4
2 6 5
10 10 2
0 9 3
8 3 8
1 2 5
7 6 1
2 5 2
1 1 10
5 2 5
7 - 8x2x1
10 8 9
5 7 5
1 10 5
8 3 1
8 5 5
8 1 1
4 6 1
5 8 1
6 7 4
8 1 4
8 - 3x4x2
1 7 1
8 2 1
10 9 5
4 4 2
7 1 1
10 6 2
3 9 1
2 3 2
3 5 3
8 3 3
9 - 2x3x4
3 4 2
6 9 1
3 4 2
6 0 4
8 2 1
1 3 1
3 0 5
10 1 4
1 1 2
6 8 3
10 - 3x4x5
18 25 35
17 20 31
17 20 34
18 23 11
10 12 30
11 28 35
19 29 31
10 23 33
20 24 31
15 20 32
11 - 2x3x4
19 24 34
13 24 32
16 25 32
12 25 35
18 27 32
14 21 32
15 25 34
16 28 10
13 20 34
18 27 33
12 - 3x4x5
17 20 32
14 29 34
17 29 31
10 25 35
18 28 31
14 28 31
17 24 31
14 20 35
19 29 32
11 10 35
13 - 4x3x1
12 28 32
13 26 31
16 22 32
16 27 31
10 25 36
11 27 31
19 27 32
16 21 39
19 25 31
19 24 32
14 - 1x4x6
11 25 35
17 20 35
14 23 31
13 23 31
14 24 31
10 28 33
11 27 38
19 20 34
10 27 32
14 22 34
15 - 6x1x4
11 20 34
13 28 35
16 29 32
18 27 35
10 24 34
16 26 34
18 24 32
12 21 33
14 22 34
16 25 34
16 - 5x7x5
16 21 34
12 26 35
10 20 32
10 29 33
18 23 38
11 22 35
17 26 31
12 25 32
11 21 10
15 22 35
17 - 8x2x1
10 28 39
15 27 35
11 12 35
18 23 31
18 25 35
18 21 31
14 26 31
15 28 31
11 21 32
18 21 34
18 - 3x4x2
11 27 31
18 22 31
10 29 35
14 24 32
17 21 31
10 26 32
13 29 31
12 23 32
11 21 32
18 23 33
19 - 2x3x4
13 24 32
16 29 31
13 24 32
16 20 34
18 22 31
11 23 31
13 20 35
10 21 34
11 21 32
16 28 33